A:
  orientation:
    w: 0.5101128816604614
    x: 0.6224887371063232
    y: 0.36735549569129944
    z: 0.4662000834941864
  position:
    x: 0.3256901502609253
    y: -0.29187917709350586
    z: 0.5008604526519775
B:
  orientation:
    w: 0.550874650478363
    x: 0.6458942890167236
    y: 0.3176649808883667
    z: 0.4224293828010559
  position:
    x: 0.19492119550704956
    y: -0.24468645453453064
    z: 0.5037883520126343
