left:
  ThetaX: -1.669009804725647
  ThetaY: 1.2062811851501465
  ThetaZ: -2.8515138626098633
  X: 0.46937263011932373
  Y: -0.030426062643527985
  Z: 0.6198688745498657
right:
  ThetaX: 1.6075477600097656
  ThetaY: 0.31821146607398987
  ThetaZ: 0.18492446839809418
  X: -0.05917637050151825
  Y: -0.5179387331008911
  Z: 0.5059986710548401
up:
  ThetaX: 1.6954926252365112
  ThetaY: 1.2853302955627441
  ThetaZ: 0.07804849743843079
  X: 0.25482234358787537
  Y: -0.21705353260040283
  Z: 0.8150299787521362
