bottom:
  ThetaX: 1.5981690883636475
  ThetaY: -0.10598188638687134
  ThetaZ: -1.4211618900299072
  X: -0.39803871512413025
  Y: -0.6322799921035767
  Z: 0.2760295569896698
middle:
  ThetaX: 1.603087067604065
  ThetaY: -0.27412503957748413
  ThetaZ: -1.417346477508545
  X: -0.20756512880325317
  Y: -0.6822483539581299
  Z: 0.5013076066970825
top:
  ThetaX: 1.6019917726516724
  ThetaY: -0.4041058421134949
  ThetaZ: -1.419525384902954
  X: -0.3503296673297882
  Y: -0.6441696882247925
  Z: 0.7964655160903931
