A:
  ThetaX: 1.6879122257232666
  ThetaY: 1.2666504383087158
  ThetaZ: 0.08525920659303665
  X: 0.3255673944950104
  Y: -0.29379674792289734
  Z: 0.5057596564292908
B:
  ThetaX: 1.6469439268112183
  ThetaY: 1.108573317527771
  ThetaZ: 0.13042408227920532
  X: 0.1940525323152542
  Y: -0.2451716661453247
  Z: 0.5052230358123779
