bottom:
  ThetaX: 1.6149377822875977
  ThetaY: -0.5080559849739075
  ThetaZ: -1.3618601560592651
  X: -0.677767276763916
  Y: -0.49389734864234924
  Z: 0.20209963619709015
middle:
  ThetaX: 1.6016582250595093
  ThetaY: 0.04904382675886154
  ThetaZ: -1.5609430074691772
  X: -0.3456217050552368
  Y: -0.5637146234512329
  Z: 0.472749799489975
top:
  ThetaX: 1.6145704984664917
  ThetaY: -0.37260010838508606
  ThetaZ: -1.3697019815444946
  X: -0.367000013589859
  Y: -0.4795987010002136
  Z: 0.717721164226532
