bottom:
  ThetaX: 1.6137712001800537
  ThetaY: -0.4741278290748596
  ThetaZ: -1.4041703939437866
  X: -0.6766270995140076
  Y: -0.5127946138381958
  Z: 0.2642257809638977
middle:
  ThetaX: 1.6119229793548584
  ThetaY: -0.2896434962749481
  ThetaZ: -1.4133076667785645
  X: -0.4228973388671875
  Y: -0.48675042390823364
  Z: 0.49645012617111206
top:
  ThetaX: 1.61384916305542
  ThetaY: -0.2894359230995178
  ThetaZ: -1.4135938882827759
  X: -0.38447263836860657
  Y: -0.5137931108474731
  Z: 0.7343597412109375
