bottom_close:
  ThetaX: 1.6020811796188354
  ThetaY: -0.044361770153045654
  ThetaZ: -1.416585922241211
  X: -0.378357857465744
  Y: -0.7074315547943115
  Z: 0.27633699774742126
mid_close:
  ThetaX: 1.611171007156372
  ThetaY: 0.0010911852587014437
  ThetaZ: -1.4207991361618042
  X: -0.3732680678367615
  Y: -0.6620599031448364
  Z: 0.5251799821853638
top_close:
  ThetaX: 1.6116769313812256
  ThetaY: -0.2555091977119446
  ThetaZ: -1.4127914905548096
  X: -0.35101622343063354
  Y: -0.6645500659942627
  Z: 0.765709638595581
