blue:
  ThetaX: 1.604455828666687
  ThetaY: -0.08722220361232758
  ThetaZ: 1.3707715272903442
  X: -0.3771722614765167
  Y: -0.5036070942878723
  Z: 0.5109251141548157
bottom_yellow:
  ThetaX: 1.6168559789657593
  ThetaY: -0.5418468117713928
  ThetaZ: 1.3899916410446167
  X: -0.7294073700904846
  Y: -0.42092055082321167
  Z: 0.2580813765525818
high_blue:
  ThetaX: 1.859960675239563
  ThetaY: -0.9933803081512451
  ThetaZ: -1.1530075073242188
  X: -0.5930756330490112
  Y: -0.31214985251426697
  Z: 0.532586932182312
top_yellow:
  ThetaX: 1.608672022819519
  ThetaY: -0.12506043910980225
  ThetaZ: 1.3721457719802856
  X: -0.3322882056236267
  Y: -0.4627763032913208
  Z: 0.7593436241149902
